1	Χνώξβύ	41,107,214	2	114,148,155	255,255,255	-1.0,-1.0,-1.0	1
2	œνδλνώξνβϋε	235,44,169	12	114,148,155	255,255,255	-1.0,-1.0,-1.0	0
3	―νώεδώξηι δβνπ	3,33,187	12	114,148,155	255,255,255	-1.0,-1.0,-1.0	0
4	Ούπύφη	239,95,95	12	114,148,155	255,255,255	-1.0,-1.0,-1.0	0
5	Υνώημϊι νώρπνβ	76,252,16	12	120,120,120	255,255,255	-1.0,-1.0,-1.0	0
6	Υσψ Νκ­δσψ	236,190,212	12	120,120,120	255,255,255	-1.0,-1.0,-1.0	0
7	«ύαπνχεμμϊι αύπ	237,81,6	12	86,129,130	255,255,255	-1.0,-1.0,-1.0	0
8	άκξύχΟπύδ	69,77,153	3	120,120,110	255,255,255	-1.0,-1.0,-1.0	1
9	Έξπύημϊ άκξύχΟπύδύ	37,142,81	12	150,150,151	255,255,255	-1.0,-1.0,-1.0	0
10	œνπρ άκξύχΟπύδύ	101,83,5	3	120,120,152	255,255,255	-1.0,-1.0,-1.0	0
11	Νσθσυηι κεώ	92,51,236	11	128,128,128	255,255,255	-1.0,-1.0,-1.0	0
12	―β­υεμμύ­ βνδνςμύ­ ψνπύ	63,84,22	9	128,128,128	255,255,255	-1.0,-1.0,-1.0	0
13	―ύμξρ-œερεπασπψ	167,34,205	4	145,150,102	255,255,255	-1.0,-1.0,-1.0	1
14	Ρεπεβμ­ άκξύχει	204,143,96	4	145,150,103	255,255,255	-1.0,-1.0,-1.0	0
15	όφμύ­ υεκϋ	212,243,78	12	145,150,104	255,255,255	-1.0,-1.0,-1.0	0
16	œεώςύμύ­ Οπύαμηωύ	74,96,61	12	145,150,105	255,255,255	-1.0,-1.0,-1.0	0
17	Έώρπνβ ¬ϊοει	203,238,47	12	128,128,128	255,255,255	-1.0,-1.0,-1.0	0
18	―ρνκηωύ ¬ϊοηκηρϊθ	104,22,117	-1	128,128,128	255,255,255	-1.0,-1.0,-1.0	0
19	¬επθμ­­ ―ηαηπϋ	147,109,53	12	110,171,199	255,255,255	-1.0,-1.0,-1.0	1
20	Άηφμ­­ ―ηαηπϋ	51,244,13	6	110,171,199	255,255,255	-1.0,-1.0,-1.0	1
21	―μεφμϊε ώνοκη ανκϋμνψν	76,230,5	12	110,171,199	255,255,255	-1.0,-1.0,-1.0	0
22	Υεδ­μνι ςκεμ	57,33,16	12	110,171,199	255,255,255	-1.0,-1.0,-1.0	0
23	Έώρπνβ Οερεπν	115,17,139	9	128,128,128	255,255,255	-1.0,-1.0,-1.0	0
24	“πύθνψπύδ	208,161,90	13	128,128,128	255,255,255	-1.0,-1.0,-1.0	0
25	Έώρπνβ ―εξώύ	80,99,145	13	128,128,128	255,255,255	-1.0,-1.0,-1.0	0
26	“ύημώρβεμμύ­ οευεπύ	50,216,246	9	128,128,128	255,255,255	-1.0,-1.0,-1.0	0
27	Έώρπνβ Τνοϊ	168,233,249	14	128,128,128	255,255,255	-1.0,-1.0,-1.0	0
28	Ρπεβμηι φνονχμϊι κεώ	128,114,64	12	128,128,128	255,255,255	-1.0,-1.0,-1.0	0
29	Έώρπνβ Ρϊπϊ	141,110,121	7	170,106,74	250,242,210	-1.0,-1.0,-1.0	0
31	Έώρπνβ β ―ηαηπη	114,54,146	12	128,128,128	255,255,255	-1.0,-1.0,-1.0	0
30	«ύπνώκη Άύρύχξη	236,161,43	12	128,128,128	255,255,255	-1.0,-1.0,-1.0	0
32	Έώρπνβ œεμδνώνβ	103,182,118	12	128,128,128	255,255,255	-1.0,-1.0,-1.0	0
33	Έώρπνβ άλεπηξνώνβ	53,42,234	12	128,128,128	255,255,255	-1.0,-1.0,-1.0	0
34	Έώρπνβ άπεμϊ	221,243,5	12	128,128,128	255,255,255	-1.0,-1.0,-1.0	0
35	Έώρπνβ Ννλφει	49,78,9	12	128,128,128	255,255,255	-1.0,-1.0,-1.0	0
36	¬νδνςμϊι νώρπνβ	240,207,11	12	128,128,128	255,255,255	-1.0,-1.0,-1.0	0
37	Έώρπνβ ¬ηώξη	53,201,176	12	128,128,128	255,255,255	-1.0,-1.0,-1.0	0
38	Έώρνβ –νλύ	185,149,202	12	128,128,128	255,255,255	-1.0,-1.0,-1.0	0
39	«ύαπνχεμμύ­ ναυύψύ 1	150,219,2	9	128,128,128	255,255,255	-1.0,-1.0,-1.0	0
40	œευεπύ 2	18,252,192	9	128,128,128	255,255,255	-1.0,-1.0,-1.0	0
41	Τηκύ­ Έαυύψύ 1	16,30,236	9	128,128,128	255,255,255	-1.0,-1.0,-1.0	0
42	Τηκύ­ Έαυύψύ 2	21,170,32	9	128,128,128	255,255,255	-1.0,-1.0,-1.0	0
43	Τηκύ­ Έαυύψύ 3	195,19,206	8	128,128,128	255,255,255	-1.0,-1.0,-1.0	0
44	Ρπνςηκϋμύ­ αύχμ­ 1	67,65,130	10	128,128,128	255,255,255	-1.0,-1.0,-1.0	0
45	Ρπνςηκϋμύ­ αύχμ­ 2	111,49,196	10	128,128,128	255,255,255	-1.0,-1.0,-1.0	0
46	Ρπνςηκϋμύ­ αύχμ­ 3	115,252,101	10	128,128,128	255,255,255	-1.0,-1.0,-1.0	0
47	Ρπνςηκϋμύ­ αύχμ­ 4	157,117,157	10	128,128,128	255,255,255	-1.0,-1.0,-1.0	0
48	Ρπνςηκϋμύ­ αύχμ­ 5	47,213,183	10	128,128,128	255,255,255	-1.0,-1.0,-1.0	0
49	Ρπνςηκϋμύ­ αύχμ­ 6	155,239,79	8	128,128,128	255,255,255	-1.0,-1.0,-1.0	0
50	Υύαηπημρ άχύμύ	68,251,228	9	128,128,128	255,255,255	-1.0,-1.0,-1.0	0
51	Έώρπνβ –σημ	47,211,221	9	128,128,128	255,255,255	-1.0,-1.0,-1.0	0
52	œευεπύ	25,93,98	9	198,152,68	253,247,229	-1.0,-1.0,-1.0	0
53	¬ύψημύκϋμϊι κεώ	135,206,147	12	120,120,120	255,255,255	-1.0,-1.0,-1.0	0
54	Έοκνρ ψνούπει	125,70,239	12	86,129,130	255,255,255	-1.0,-1.0,-1.0	0
55	«ύαπνχεμμύ­ ναυύψύ	84,137,128	12	114,148,155	255,255,255	-1.0,-1.0,-1.0	0
56	œσώρνχη ―ηαηπη	108,55,216	12	128,128,128	255,255,255	-1.0,-1.0,-1.0	0
57	Υύψεπϋ Έύγηώ	32,125,91	12	145,150,104	255,255,255	-1.0,-1.0,-1.0	0
58	«ύυεξύμ ρβνι σδεκ	236,194,55	12	114,148,155	255,255,255	-1.0,-1.0,-1.0	0
59	Νσθρύ άρκύμρη	6,51,63	12	110,171,199	255,255,255	-1.0,-1.0,-1.0	0
60	Νεπεψ ―ξεκερνβ	249,33,4	12	110,171,199	255,255,255	-1.0,-1.0,-1.0	0
61	¬ύψημύ	121,144,53	12	120,120,120	255,255,255	-1.0,-1.0,-1.0	0
62	–νυύ Ήεπεούθ	214,153,143	12	145,150,104	255,255,255	-1.0,-1.0,-1.0	0
63	Έαηρεκϋ πύδνώρη	15,218,22	12	120,120,120	255,255,255	-1.0,-1.0,-1.0	0
64	Υεδ­μνι Ίηο	212,158,103	12	110,171,199	255,255,255	-1.0,-1.0,-1.0	0
65	œςεκημϊι Έύγηώ	168,43,212	12	128,128,128	255,255,255	-1.0,-1.0,-1.0	0
66	”κηρνςμϊι Έύγηώ	126,30,242	12	128,128,128	255,255,255	-1.0,-1.0,-1.0	0
67	Υύψεπϋ œσώρϊμμϊθ ―ξεκερνβ	118,79,29	12	128,128,128	255,255,255	-1.0,-1.0,-1.0	0
68	Νύμδηρώξηι κύψεπϋ	221,65,111	12	128,128,128	255,255,255	-1.0,-1.0,-1.0	0
69	Υνψνβν δελνμνβ	200,149,199	12	128,128,128	255,255,255	-1.0,-1.0,-1.0	0
70	Έώρπνβ ‘νπρσμϊ	191,103,213	12	128,128,128	255,255,255	-1.0,-1.0,-1.0	0
71	Νσθρύ ―ύπύ	104,43,234	12	128,128,128	255,255,255	-1.0,-1.0,-1.0	0
72	άκαύμώξύ­ ασθρύ	224,199,62	12	128,128,128	255,255,255	-1.0,-1.0,-1.0	0
73	Έώρπνβ ’ύτρύ	135,85,33	12	128,128,128	255,255,255	-1.0,-1.0,-1.0	0
74	Νσθρύ –ειψύμύ	63,178,57	12	128,128,128	255,255,255	-1.0,-1.0,-1.0	0
75	Ούβύμϋ Άνπηρνβνψν νώρπνβύ	244,68,53	12	128,128,128	255,255,255	-1.0,-1.0,-1.0	0
76	Νσθρύ άιπηώ	210,198,243	12	128,128,128	255,255,255	-1.0,-1.0,-1.0	0
77	Νσθρύ Υύθσ	180,161,8	12	128,128,128	255,255,255	-1.0,-1.0,-1.0	0
78	Νσθρύ œηπηξώ	236,209,143	12	128,128,128	255,255,255	-1.0,-1.0,-1.0	0
79	œύκϋλνβϊι αεπεψ	214,127,72	12	128,128,128	255,255,255	-1.0,-1.0,-1.0	0
80	Ούβύμϋ Οεκύδϊ	162,178,52	12	128,128,128	255,255,255	-1.0,-1.0,-1.0	0
81	Νσθρύ ’ύαακ	173,209,85	12	128,128,128	255,255,255	-1.0,-1.0,-1.0	0
82	Νσθρύ ίτην	77,53,71	12	128,128,128	255,255,255	-1.0,-1.0,-1.0	0
83	Νσθρύ ―ύκβύ	180,193,31	12	128,128,128	255,255,255	-1.0,-1.0,-1.0	0
84	Νσθρύ  ύπλύμ	36,137,84	12	128,128,128	255,255,255	-1.0,-1.0,-1.0	0
85	Νσθρύ Χΰώ	47,165,183	12	128,128,128	255,255,255	-1.0,-1.0,-1.0	0
86	―ύδ ίδεκϋ	206,97,41	8	128,128,128	255,255,255	-1.0,-1.0,-1.0	0
87	Νύασχξημύ δεπεβμ­ 1	5,128,34	8	128,128,128	255,255,255	-1.0,-1.0,-1.0	0
88	œσώρϊμμύ­ θπεμϋ 1	252,129,141	8	128,128,128	255,255,255	-1.0,-1.0,-1.0	0
89	Νύασχξημύ δεπεβμ­ 2	206,123,122	8	128,128,128	255,255,255	-1.0,-1.0,-1.0	0
90	Νύασχξημύ δεπεβμ­ 3	36,76,89	8	128,128,128	255,255,255	-1.0,-1.0,-1.0	0
91	œσώρϊμμύ­ θπεμϋ 2	242,171,97	8	128,128,128	255,255,255	-1.0,-1.0,-1.0	0
92	œσώρϊμμύ­ θπεμϋ 3	164,230,2	8	128,128,128	255,255,255	-1.0,-1.0,-1.0	0
93	―ηαηπώξύ­ οεπδύ 1	50,215,93	8	128,128,128	255,255,255	-1.0,-1.0,-1.0	0
94	―ηαηπώξύ­ οεπδύ 2	94,11,153	8	128,128,128	255,255,255	-1.0,-1.0,-1.0	0
95	άπεμύ	141,99,210	8	128,128,128	255,255,255	-1.0,-1.0,-1.0	0
96	œνδβνδμϊι λνπώξνι ρσμμεκϋ	103,157,130	8	128,128,128	255,255,255	-1.0,-1.0,-1.0	0
97	Υνψνβν ασθνβν αύρη 1	212,85,58	8	128,128,128	255,255,255	-1.0,-1.0,-1.0	0
98	Υνψνβν ασθνβν αύρη 2	61,57,42	8	128,128,128	255,255,255	-1.0,-1.0,-1.0	0
99	Υνψνβν ασθνβν αύρη 3	142,77,89	8	128,128,128	255,255,255	-1.0,-1.0,-1.0	0
100	“νμμεκϋ αϊβχει	114,221,104	9	128,128,128	255,255,255	-1.0,-1.0,-1.0	0
101	Έώρπνβ ―ξεκερνβ	86,219,73	9	128,128,128	255,255,255	-1.0,-1.0,-1.0	0
102	Υύψεπϋ ΧΗπρβϊθ Ρσχ	132,5,100	3	128,128,128	255,255,255	-1.0,-1.0,-1.0	0
103	«ύκηβ ―νξπνβηυ	119,229,46	12	128,128,128	255,255,255	-1.0,-1.0,-1.0	0
104	œνδγελμϊι δνξ	77,55,210	9	128,128,128	255,255,255	-1.0,-1.0,-1.0	0
105	Υύψεπϋ ΧΗπρβϊθ Ρσχ 3	43,183,74	9	128,128,128	255,255,255	-1.0,-1.0,-1.0	0
106	Υύψεπϋ ΧΗπρβϊθ Ρσχ 2	183,214,241	9	128,128,128	255,255,255	-1.0,-1.0,-1.0	0
107	άκξνλύπξερ 1	112,34,109	9	128,128,128	255,255,255	-1.0,-1.0,-1.0	0
108	άκξνλύπξερ 2	97,231,199	9	128,128,128	255,255,255	-1.0,-1.0,-1.0	0
109	άκξνλύπξερ 3	193,245,237	9	128,128,128	255,255,255	-1.0,-1.0,-1.0	0
110	άκξνλύπξερ 4	16,236,40	9	128,128,128	255,255,255	-1.0,-1.0,-1.0	0
111	Άεαεώύ	8,217,215	2	128,128,128	255,255,255	-1.0,-1.0,-1.0	0
112	’ύνώ Χνώξβϊ	234,9,226	-1	128,128,128	255,255,255	-1,-1,-1	0
113	άκξνλύπξερ 5	206,16,176	-1	128,128,128	255,255,255	-1.0,-1.0,-1.0	0
114	άκξνλύπξερ 6	23,233,130	-1	128,128,128	255,255,255	-1.0,-1.0,-1.0	0
115	άκξνλύπξερ 7	75,163,147	-1	128,128,128	255,255,255	-1.0,-1.0,-1.0	0
116	άκξνλύπξερ 8	98,47,35	-1	128,128,128	255,255,255	-1.0,-1.0,-1.0	0
117	άκξνλύπξερ 9	233,216,16	-1	128,128,128	255,255,255	-1.0,-1.0,-1.0	0
118	άκξνλύπξερ 10	178,186,187	-1	128,128,128	255,255,255	-1.0,-1.0,-1.0	0
119	άκξνλύπξερ 11	226,64,246	-1	128,128,128	255,255,255	-1.0,-1.0,-1.0	0
120	άκξνλύπξερ 12	77,244,121	-1	128,128,128	255,255,255	-1.0,-1.0,-1.0	0
121	άκξνλύπξερ 13	180,50,208	-1	128,128,128	255,255,255	-1.0,-1.0,-1.0	0
122	άκξνλύπξερ 14	11,59,239	-1	128,128,128	255,255,255	-1.0,-1.0,-1.0	0
123	άκξνλύπξερ 15	27,174,168	-1	128,128,128	255,255,255	-1.0,-1.0,-1.0	0
124	άκξνλύπξερ 16	134,144,185	-1	128,128,128	255,255,255	-1.0,-1.0,-1.0	0
125	άκξνλύπξερ 17	155,249,181	-1	128,128,128	255,255,255	-1.0,-1.0,-1.0	0
126	άκξνλύπξερ 18	153,139,227	-1	128,128,128	255,255,255	-1.0,-1.0,-1.0	0
127	¬εςμϊι άκξνλύπξερ	128,248,172	-1	128,128,128	255,255,255	-1.0,-1.0,-1.0	0
128	Ούβύμϋ άκξνλύπξερύ	215,108,251	-1	128,128,128	255,255,255	-1.0,-1.0,-1.0	0
129	Χηπύφ ―ηαηπη	2,55,212	-1	128,128,128	255,255,255	-1.0,-1.0,-1.0	0
130	Χηπύφ άκξύχΟπύδύ	79,134,69	-1	128,128,128	255,255,255	-1.0,-1.0,-1.0	0
131	œσώρϊμ­	9,119,147	-1	128,128,128	255,255,255	-1.0,-1.0,-1.0	0
132	―β­υεμμύ­ βνιμύ	14,103,20	-1	128,128,128	255,255,255	-1.0,-1.0,-1.0	0
133	Χύκεμϋξύ­ ώβ­υεμμύ­ βνιμύ	92,247,123	-1	128,128,128	255,255,255	-1.0,-1.0,-1.0	0
134	÷επξνβϋ	17,178,140	-1	128,128,128	255,255,255	-1.0,-1.0,-1.0	0
135	Χημη ―μεφμύ­ ¬νιμύ 	233,118,107	-1	128,128,128	255,255,255	-1.0,-1.0,-1.0	0
136	Οπεθ	153,139,227	-1	128,128,128	255,255,255	-1.0,-1.0,-1.0	0
137	”ρνοϋ Οπεθύ	128,248,172	-1	128,128,128	255,255,255	-1.0,-1.0,-1.0	0
138	–νφδεώρβεμώξύ­ άπεμύ C 	19,182,75	-1	128,128,128	255,255,255	-1.0,-1.0,-1.0	0
139	–νφδεώρβεμώξύ­ άπεμύ D 	13,139,58	-1	128,128,128	255,255,255	-1.0,-1.0,-1.0	0
140	–νφδεώρβεμώξύ­ άπεμύ E 	137,56,156	-1	128,128,128	255,255,255	-1.0,-1.0,-1.0	0
141	―μεφμύ­ ¬νιμύ 	148,147,165	-1	128,128,128	255,255,255	-1.0,-1.0,-1.0	0
142	Έώρπνβ Ρπύξνμνβ 	53,30,26	-1	128,128,128	255,255,255	-1.0,-1.0,-1.0	0
143	“ελμϊι Ρνλ 	77,142,137	-1	128,128,128	255,255,255	-1.0,-1.0,-1.0	0
144	Ρνκημύ ¬σκξύμνβ  	176,59,250	-1	128,128,128	255,255,255	-1.0,-1.0,-1.0	0
145	Ονπνδ Χεςρϊ	62,200,228	-1	128,128,128	255,255,255	-1.0,-1.0,-1.0	0
146	œνδγελεκϋε άπψεμρύ 3	119,245,100	-1	128,128,128	255,255,255	-1.0,-1.0,-1.0	0
147	Άεηγβεώρμϊι Έώρπνβ 96	235,233,76	-1	128,128,128	255,255,255	-1,-1,-1	0
148	¬νιμύ Ννλα	5,26,77	3	128,128,128	255,255,255	-1.0,-1.0,-1.0	0
149	Χεώρν δκ­ Ννλα 1	145,55,140	3	128,128,128	255,255,255	-1.0,-1.0,-1.0	0
150	Χεώρν δκ­ Ννλα 2	179,145,204	3	128,128,128	255,255,255	-1.0,-1.0,-1.0	0
151	Άεηγβεώρμϊι Έώρπνβ 100	224,85,56	-1	128,128,128	255,255,255	-1.0,-1.0,-1.0	0
152	Άεηγβεώρμϊι Έώρπνβ 101	19,218,37	-1	128,128,128	255,255,255	-1.0,-1.0,-1.0	0
153	Άεηγβεώρμϊι Έώρπνβ 102	31,26,88	-1	128,128,128	255,255,255	-1.0,-1.0,-1.0	0
154	Άεηγβεώρμϊι Έώρπνβ 103	153,136,239	-1	128,128,128	255,255,255	-1.0,-1.0,-1.0	0
155	Άεηγβεώρμϊι Έώρπνβ 104	253,159,209	-1	128,128,128	255,255,255	-1.0,-1.0,-1.0	0
156	Άεηγβεώρμϊι Έώρπνβ 105	202,250,237	-1	128,128,128	255,255,255	-1.0,-1.0,-1.0	0
157	Άεηγβεώρμϊι Έώρπνβ 106	205,141,85	-1	128,128,128	255,255,255	-1.0,-1.0,-1.0	0
158	Άεηγβεώρμϊι Έώρπνβ 107	167,40,170	-1	128,128,128	255,255,255	-1.0,-1.0,-1.0	0
159	Άεηγβεώρμϊι Έώρπνβ 108	141,137,58	-1	128,128,128	255,255,255	-1.0,-1.0,-1.0	0
160	Άεηγβεώρμϊι Έώρπνβ 109	63,24,9	-1	128,128,128	255,255,255	-1.0,-1.0,-1.0	0
161	Άεηγβεώρμϊι Έώρπνβ 110	232,1,240	-1	128,128,128	255,255,255	-1.0,-1.0,-1.0	0
162	Άεηγβεώρμϊι Έώρπνβ 111	172,252,194	-1	128,128,128	255,255,255	-1.0,-1.0,-1.0	0
163	Άεηγβεώρμϊι Έώρπνβ 112	75,127,19	-1	128,128,128	255,255,255	-1.0,-1.0,-1.0	0
164	Άεηγβεώρμϊι Έώρπνβ 113	53,178,215	-1	128,128,128	255,255,255	-1.0,-1.0,-1.0	0
165	Άεηγβεώρμϊι Έώρπνβ 114	17,172,123	-1	128,128,128	255,255,255	-1.0,-1.0,-1.0	0
166	Άεηγβεώρμϊι Έώρπνβ 115	116,167,1	-1	128,128,128	255,255,255	-1.0,-1.0,-1.0	0
167	Άεηγβεώρμϊι Έώρπνβ 116	250,140,244	-1	128,128,128	255,255,255	-1.0,-1.0,-1.0	0
168	Άεηγβεώρμϊι Έώρπνβ 117	100,82,211	-1	128,128,128	255,255,255	-1.0,-1.0,-1.0	0
169	Άεηγβεώρμϊι Έώρπνβ 118	185,181,196	-1	128,128,128	255,255,255	-1.0,-1.0,-1.0	0
170	Άεηγβεώρμϊι Έώρπνβ 119	171,36,47	-1	128,128,128	255,255,255	-1.0,-1.0,-1.0	0
171	Άεηγβεώρμϊι Έώρπνβ 120	243,100,210	-1	128,128,128	255,255,255	-1.0,-1.0,-1.0	0
172	Άεηγβεώρμϊι Έώρπνβ 121	134,98,88	-1	128,128,128	255,255,255	-1.0,-1.0,-1.0	0
173	Άεηγβεώρμϊι Έώρπνβ 122	95,196,47	-1	128,128,128	255,255,255	-1.0,-1.0,-1.0	0
174	Άεηγβεώρμϊι Έώρπνβ 123	59,45,118	-1	128,128,128	255,255,255	-1.0,-1.0,-1.0	0
175	Άεηγβεώρμϊι Έώρπνβ 124	88,238,205	-1	128,128,128	255,255,255	-1.0,-1.0,-1.0	0
176	Άεηγβεώρμϊι Έώρπνβ 125	2,2,180	-1	128,128,128	255,255,255	-1.0,-1.0,-1.0	0
177	Νσθρύ Υσμϊ	48,64,8	-1	128,128,128	255,255,255	-1,-1,-1	0
178	Έώρπνβ «ηλμει Υσμϊ	10,232,29	-1	128,128,128	255,255,255	-1,-1,-1	0
179	Έώρπνβ  ύπϊ	102,8,203	-1	128,128,128	255,255,255	-1,-1,-1	0
180	Έώρπνβ ¬ηκ­	97,166,155	-1	128,128,128	255,255,255	-1,-1,-1	0
181	Έώρπνβ Υεδ­μνψν Έγεπύ	180,243,243	-1	128,128,128	255,255,255	-1,-1,-1	0
182	Έακεδεμεκϊι Έώρπνβ	99,25,165	-1	128,128,128	255,255,255	-1,-1,-1	0
183	1-ϊι ξπύι –νώώηη	1,144,85	-1	128,128,128	255,255,255	-1,-1,-1	0
184	2-νι ξπύι –νώώηη	226,207,25	-1	128,128,128	255,255,255	-1,-1,-1	0
185	1-ϊι ξπύι άλεπηξη	208,205,156	-1	128,128,128	255,255,255	-1,-1,-1	0
186	2-νι ξπύι άλεπηξη	11,96,177	-1	128,128,128	255,255,255	-1,-1,-1	0
187	Άεηγβεώρμϊι Έώρπνβ 136	111,97,12	-1	128,128,128	255,255,255	-1.0,-1.0,-1.0	0
188	Άεηγβεώρμϊι Έώρπνβ 137	66,154,36	-1	128,128,128	255,255,255	-1.0,-1.0,-1.0	0
189	Άεηγβεώρμϊι Έώρπνβ 138	146,17,37	-1	128,128,128	255,255,255	-1.0,-1.0,-1.0	0
190	Άεηγβεώρμϊι Έώρπνβ 139	167,222,81	-1	128,128,128	255,255,255	-1.0,-1.0,-1.0	0
191	Άεηγβεώρμϊι Έώρπνβ 140	110,71,198	-1	128,128,128	255,255,255	-1.0,-1.0,-1.0	0
192	Άεηγβεώρμϊι Έώρπνβ 141	159,4,230	-1	128,128,128	255,255,255	-1.0,-1.0,-1.0	0
193	Άεηγβεώρμϊι Έώρπνβ 142	184,7,111	-1	128,128,128	255,255,255	-1.0,-1.0,-1.0	0
194	Άεηγβεώρμϊι Έώρπνβ 143	20,68,132	-1	128,128,128	255,255,255	-1.0,-1.0,-1.0	0
195	Άεηγβεώρμϊι Έώρπνβ 144	14,154,24	-1	128,128,128	255,255,255	-1.0,-1.0,-1.0	0
196	Άεηγβεώρμϊι Έώρπνβ 145	142,37,89	-1	128,128,128	255,255,255	-1.0,-1.0,-1.0	0
197	Άεηγβεώρμϊι Έώρπνβ 146	92,158,57	-1	128,128,128	255,255,255	-1.0,-1.0,-1.0	0
198	Άεηγβεώρμϊι Έώρπνβ 147	188,146,160	-1	128,128,128	255,255,255	-1.0,-1.0,-1.0	0
199	Άεηγβεώρμϊι Έώρπνβ 148	122,153,85	-1	128,128,128	255,255,255	-1.0,-1.0,-1.0	0
200	Άεηγβεώρμϊι Έώρπνβ 149	188,183,212	-1	128,128,128	255,255,255	-1.0,-1.0,-1.0	0
201	Άεηγβεώρμϊι Έώρπνβ 150	39,136,46	-1	128,128,128	255,255,255	-1.0,-1.0,-1.0	0
202	Άεηγβεώρμϊι Έώρπνβ 151	30,39,230	-1	128,128,128	255,255,255	-1.0,-1.0,-1.0	0
203	Άεηγβεώρμϊι Έώρπνβ 152	161,20,96	-1	128,128,128	255,255,255	-1.0,-1.0,-1.0	0
204	Άεηγβεώρμϊι Έώρπνβ 153	59,160,163	-1	128,128,128	255,255,255	-1.0,-1.0,-1.0	0
205	Άεηγβεώρμϊι Έώρπνβ 154	135,58,94	-1	128,128,128	255,255,255	-1.0,-1.0,-1.0	0
206	Άεηγβεώρμϊι Έώρπνβ 155	6,208,239	-1	128,128,128	255,255,255	-1.0,-1.0,-1.0	0
207	Άεηγβεώρμϊι Έώρπνβ 156	107,14,201	-1	128,128,128	255,255,255	-1.0,-1.0,-1.0	0
208	Άεηγβεώρμϊι Έώρπνβ 157	208,231,205	-1	128,128,128	255,255,255	-1.0,-1.0,-1.0	0
209	Άεηγβεώρμϊι Έώρπνβ 158	77,93,71	-1	128,128,128	255,255,255	-1.0,-1.0,-1.0	0
210	Άεηγβεώρμϊι Έώρπνβ 159	45,133,66	-1	128,128,128	255,255,255	-1.0,-1.0,-1.0	0
211	Άεηγβεώρμϊι Έώρπνβ 160	220,120,137	-1	128,128,128	255,255,255	-1.0,-1.0,-1.0	0
212	Άεηγβεώρμϊι Έώρπνβ 161	242,71,22	-1	128,128,128	255,255,255	-1.0,-1.0,-1.0	0
213	Άεηγβεώρμϊι Έώρπνβ 162	24,38,222	-1	128,128,128	255,255,255	-1.0,-1.0,-1.0	0
214	Άεηγβεώρμϊι Έώρπνβ 163	83,246,178	-1	128,128,128	255,255,255	-1.0,-1.0,-1.0	0
215	Άεηγβεώρμϊι Έώρπνβ 164	95,133,110	-1	128,128,128	255,255,255	-1.0,-1.0,-1.0	0
216	Άεηγβεώρμϊι Έώρπνβ 165	182,68,100	-1	128,128,128	255,255,255	-1.0,-1.0,-1.0	0
217	Άεηγβεώρμϊι Έώρπνβ 166	252,142,62	-1	128,128,128	255,255,255	-1.0,-1.0,-1.0	0
218	Άεηγβεώρμϊι Έώρπνβ 167	95,164,116	-1	128,128,128	255,255,255	-1.0,-1.0,-1.0	0
219	Άεηγβεώρμϊι Έώρπνβ 168	150,223,125	-1	128,128,128	255,255,255	-1.0,-1.0,-1.0	0
220	Άεηγβεώρμϊι Έώρπνβ 169	220,117,39	-1	128,128,128	255,255,255	-1.0,-1.0,-1.0	0
221	Άεηγβεώρμϊι Έώρπνβ 170	235,100,228	-1	128,128,128	255,255,255	-1.0,-1.0,-1.0	0
222	Άεηγβεώρμϊι Έώρπνβ 171	189,36,220	-1	128,128,128	255,255,255	-1.0,-1.0,-1.0	0
223	Άεηγβεώρμϊι Έώρπνβ 172	114,38,80	-1	128,128,128	255,255,255	-1.0,-1.0,-1.0	0
224	Άεηγβεώρμϊι Έώρπνβ 173	89,227,210	-1	128,128,128	255,255,255	-1.0,-1.0,-1.0	0
225	Άεηγβεώρμϊι Έώρπνβ 174	19,196,198	-1	128,128,128	255,255,255	-1.0,-1.0,-1.0	0
226	Άεηγβεώρμϊι Έώρπνβ 175	4,60,208	-1	128,128,128	255,255,255	-1.0,-1.0,-1.0	0
227	Άεηγβεώρμϊι Έώρπνβ 176	222,132,209	-1	128,128,128	255,255,255	-1.0,-1.0,-1.0	0
228	Άεηγβεώρμϊι Έώρπνβ 177	231,61,7	-1	128,128,128	255,255,255	-1.0,-1.0,-1.0	0
229	Άεηγβεώρμϊι Έώρπνβ 178	92,216,119	-1	128,128,128	255,255,255	-1.0,-1.0,-1.0	0
230	Άεηγβεώρμϊι Έώρπνβ 179	130,18,104	-1	128,128,128	255,255,255	-1.0,-1.0,-1.0	0
231	Άεηγβεώρμϊι Έώρπνβ 180	201,212,70	-1	128,128,128	255,255,255	-1.0,-1.0,-1.0	0
232	Άεηγβεώρμϊι Έώρπνβ 181	13,53,22	-1	128,128,128	255,255,255	-1.0,-1.0,-1.0	0
233	Άεηγβεώρμϊι Έώρπνβ 182	69,246,187	-1	128,128,128	255,255,255	-1.0,-1.0,-1.0	0
234	Άεηγβεώρμϊι Έώρπνβ 183	204,120,163	-1	128,128,128	255,255,255	-1.0,-1.0,-1.0	0
235	Άεηγβεώρμϊι Έώρπνβ 184	232,4,130	-1	128,128,128	255,255,255	-1.0,-1.0,-1.0	0
236	Άεηγβεώρμϊι Έώρπνβ 185	171,198,235	-1	128,128,128	255,255,255	-1.0,-1.0,-1.0	0
237	Άεηγβεώρμϊι Έώρπνβ 186	167,132,219	-1	128,128,128	255,255,255	-1.0,-1.0,-1.0	0
238	Άεηγβεώρμϊι Έώρπνβ 187	248,56,223	-1	128,128,128	255,255,255	-1.0,-1.0,-1.0	0
239	Άεηγβεώρμϊι Έώρπνβ 188	96,68,85	-1	128,128,128	255,255,255	-1.0,-1.0,-1.0	0
240	Άεηγβεώρμϊι Έώρπνβ 189	241,204,135	-1	128,128,128	255,255,255	-1.0,-1.0,-1.0	0
241	Άεηγβεώρμϊι Έώρπνβ 190	179,42,224	-1	128,128,128	255,255,255	-1.0,-1.0,-1.0	0
242	Άεηγβεώρμϊι Έώρπνβ 191	3,196,74	-1	128,128,128	255,255,255	-1.0,-1.0,-1.0	0
243	Άεηγβεώρμϊι Έώρπνβ 192	198,52,240	-1	128,128,128	255,255,255	-1.0,-1.0,-1.0	0
244	Άεηγβεώρμϊι Έώρπνβ 193	215,130,9	-1	128,128,128	255,255,255	-1.0,-1.0,-1.0	0
245	Άεηγβεώρμϊι Έώρπνβ 194	48,202,188	-1	128,128,128	255,255,255	-1.0,-1.0,-1.0	0
246	Άεηγβεώρμϊι Έώρπνβ 195	27,69,133	-1	128,128,128	255,255,255	-1.0,-1.0,-1.0	0
247	Άεηγβεώρμϊι Έώρπνβ 196	166,14,218	-1	128,128,128	255,255,255	-1.0,-1.0,-1.0	0
248	Άεηγβεώρμϊι Έώρπνβ 197	110,125,152	-1	128,128,128	255,255,255	-1.0,-1.0,-1.0	0
249	Άεηγβεώρμϊι Έώρπνβ 198	206,63,239	-1	128,128,128	255,255,255	-1.0,-1.0,-1.0	0
250	Άεηγβεώρμϊι Έώρπνβ 199	217,104,215	-1	128,128,128	255,255,255	-1.0,-1.0,-1.0	0
251	œκ­φ	239,134,60	-1	128,128,128	255,255,255	-1.0,-1.0,-1.0	0
252	Άεηγβεώρμϊι Έώρπνβ 201	180,40,8	-1	128,128,128	255,255,255	-1.0,-1.0,-1.0	0
253	Άεηγβεώρμϊι Έώρπνβ 202	13,75,166	-1	128,128,128	255,255,255	-1.0,-1.0,-1.0	0
254	άπεμύ	18,222,247	-1	128,128,128	255,255,255	-1.0,-1.0,-1.0	0
255	»μρεπτειώ ονδξκΰςεμη­	122,97,10	-1	114,148,155	255,255,255	-1.0,-1.0,-1.0	0
