//ID	NAME	ID_ITEMINFO		Forge	Type	Function
1	—амоцвет STR	8006	1,2,25,26,0	4	ItemHint_4_1
2	—амоцвет SPR	8007	7,9,11,23,24,25,26,0	4	ItemHint_4_2
3	—амоцвет ACC	8008	3,4,23,25,26,0	4	ItemHint_4_3
4	—амоцвет CON	8009	11,22,23,24,25,26,0	4	ItemHint_4_4
5	—амоцвет AGI	8010	24,25,26,0	4	ItemHint_4_5
6	—амоцвет STR	8011	1,2,25,26,0	4	ItemHint_7_1
7	—амоцвет SPR	8012	7,9,11,23,24,25,26,0	4	ItemHint_7_2
8	—амоцвет ACC	8013	3,4,23,25,26,0	4	ItemHint_7_3
9	—амоцвет CON	8014	11,22,23,24,25,26,0	4	ItemHint_7_4
10	—амоцвет AGI	8015	24,25,26,0	4	ItemHint_7_5
11	—амоцвет STR	8016	1,2,25,26,0	4	ItemHint_10_1
12	—амоцвет SPR	8017	7,9,11,23,24,25,26,0	4	ItemHint_10_2
13	—амоцвет ACC	8018	3,4,23,25,26,0	4	ItemHint_10_3
14	—амоцвет CON	8019	11,22,23,24,25,26,0	4	ItemHint_10_4
15	—амоцвет AGI	8020	24,25,26,0	4	ItemHint_10_5
16	—амоцвет STR	8021	1,2,25,26,0	4	ItemHint_14_1
17	—амоцвет SPR	8022	7,9,11,23,24,25,26,0	4	ItemHint_14_2
18	—амоцвет ACC	8023	3,4,23,25,26,0	4	ItemHint_14_3
19	—амоцвет CON	8024	11,22,23,24,25,26,0	4	ItemHint_14_4
20	—амоцвет AGI	8025	24,25,26,0	4	ItemHint_14_5
21	—амоцвет STR	8026	1,2,25,26,0	4	ItemHint_20_1
22	—амоцвет SPR	8027	7,9,11,23,24,25,26,0	4	ItemHint_20_2
23	—амоцвет ACC	8028	3,4,23,25,26,0	4	ItemHint_20_3
24	—амоцвет CON	8029	11,22,23,24,25,26,0	4	ItemHint_20_4
25	—амоцвет AGI	8030	24,25,26,0	4	ItemHint_20_5
26	—амоцвет STR	8026	1,2,25,26,0	4	ItemHint_20_1
27	—амоцвет SPR	8027	7,9,11,23,24,25,26,0	4	ItemHint_20_2
28	—амоцвет ACC	8028	3,4,23,25,26,0	4	ItemHint_20_3
29	—амоцвет CON	8029	11,22,23,24,25,26,0	4	ItemHint_20_4
30	—амоцвет AGI	8030	24,25,26,0	4	ItemHint_20_5
31	—амоцвет STR	8026	1,2,25,26,0	4	ItemHint_20_1
32	—амоцвет SPR	8027	9,11,20,23,24,25,26,0	4	ItemHint_20_2
33	—амоцвет ACC	8028	3,4,23,25,26,0	4	ItemHint_20_3
34	—амоцвет CON	8029	11,20,22,23,24,0	4	ItemHint_20_4
35	—амоцвет AGI	8030	24,25,26,0	4	ItemHint_20_5
36	—амоцвет STR	9145	1,2,25,26,0	4	ItemHint_17_1
37	—амоцвет SPR	9146	7,9,11,23,24,25,26,0	4	ItemHint_17_2
38	—амоцвет ACC	9147	3,4,23,25,26,0	4	ItemHint_17_3
39	—амоцвет CON	9148	11,22,23,24,25,26,0	4	ItemHint_17_4
40	—амоцвет AGI	9149	24,25,26,0	4	ItemHint_17_5
61	—амоцвет PR	0865	20,22,0	4	ItemHint_pr
62	”дар Ћока	15772	11,23,25,26,0	4	ItemHint_100_1
63	”клонение Ѕинга	15773	24,25,26,0	4	ItemHint_100_2